-5.319543451924194
-5.735294244549523
-26.567863194147744
-17.619723147866218
-20.312892218430836
-12.472367527269997
-12.824178836727793
10.47522219473421
-12.95901634255143
-11.874442561763413
-21.505333845297145
-11.881624440140854
-34.25023267665343
-15.113418670410805
-14.180219815279308
-19.611277809895967
-3.0803997264802456
-10.155089614188787
0.37194956444690797
-22.231645327353984
-0.2760885576264952
-7.354111267318833
-12.476300567745849
-15.592267540275541
-9.702437913779056
-21.98301385440559
13.264383122895529
-14.703242062875862
0.8436995356911662
-12.97808443383088
-21.35592266663592
-3.303948011211675
12.6151552623594
-17.68336183522877
-10.944861911301155
-10.687637870982977
-10.377199585464489
14.430810204191706
10.536376817084696
5.079548231907544
-13.701392397631636
-13.543732945422212
-11.656686436982923
3.3657545315727475
14.139606785390061
-0.8737163711745445
-18.750908862270833
-11.297619811903255
-15.097119833302713
-21.621466864986967
-6.925992063083446
-9.268223735985812
-13.426116744432637
-10.471779359798994
7.4321710623790755
-20.842787143153448
-3.3101811673283614
-13.716847391962315
-13.43612924198319
8.254326561580196
-14.08282056800325
-11.523325749677474
-1.1038127561546482
-13.667352146527264
-11.95060068622619
-10.30952715568128
-12.5023940571047
-10.723546908766192
-13.088658222458326
-12.746357691222801
-0.6635584093536492
-10.715107934139136
-10.760523966610474
-17.805186893641764
-3.94643144743039
-10.233765328833833
-13.515089604216291
-11.93074659665596
-12.160129602732402
-10.642891186386501
4.263666584423365
2.972941732024386
-12.408012940575237
-14.266200681627197
-10.683540549513298
4.670607149625089
-10.753238842005421
-12.204991456215145
-10.871007058940528
-2.501307109178068
-14.430612423451516
4.743627719849963
-10.3514993775295
-12.304101378084548
-13.160532057765373
-12.424804440860338
-9.878924129215497
-12.09182202974952
-16.683125239249186
-4.307743923529526
-15.130256191735043
11.138324724873527
-9.771074612285398
-8.911956840466724
-7.26342480698071
-11.998197559224455
-10.650598844813038
-10.904840666160794
-11.33051692379098
-9.988764972482539
-7.014511340709145
-4.9708169677724685
-6.016696856354266
-10.287410544292847
-7.022650555743575
-5.778029093341717
-10.23608346550113
-11.13983921027658
-12.286411464876123
-6.726776861838948
-4.779554996762263
-10.624230425990921
-5.49505731340225
-5.7316452738309955
-11.40253831833174
-12.854591871878982
-6.043782185033376
-5.961732327191017
-11.435722684191296
-11.228291449919594
-7.333484226534533
-7.511709109768643
-4.900075314621171
-5.481329480333074
-10.879344678879482
-7.791749074945089
-6.344041837027014
-11.288271295268745
-6.309250408084187
-6.284856991791337
-1.612613924348785
-6.272345234926994
-6.395591667527352
-0.9038900401447916
-8.688242485885976
-6.340395292126567
-12.062924077802576
-12.593386082213211
-12.78662055910212
-6.42557972902
-12.711329351639653
-10.917980854836653
-12.052577024637014
-11.283262128525516
-13.405565359623255
-11.306481786715663
-11.881518858632557
-11.446285563406992
-11.174212483411349
-7.06014345232026
-5.945986428037121
-7.766752837402159
-6.346233632168006
-11.13705422092948
-6.189421443198266
-6.605160492323623
-6.86409451995967
-11.68978389493053
-10.873459514487287
-8.015257415729248
-6.510378980722614
-11.868500045968018
-11.38672710749695
-6.677248370291721
-7.84189924189777
-11.6122807924153
-6.390447022358152
-6.540065818354114
-7.348163309250262
-1.733850410880901
-12.034237652911495
-5.798337476204251
-5.426337017107299
-10.876730981204133
-6.988164001485582
-7.150566208905091
-10.6342204380286
-6.544043421612975
-6.289447243894532
-11.46722361858798
-11.103102091360327
-7.525659504209734
-11.651820448289522
-6.4133702524793055
-11.9789233191156
-11.663393823202616
-6.4606295872751955
-11.305898248940712
-11.15055074643314
-10.973901167413448
-6.52457626181417
-6.022308011274242
-6.4135175122642725
-5.7414824933730335
-6.354396033509916
-6.208170115087565
-6.9156497503713
-2.240125529366784
-11.540746004490616
-5.600718938705066
-11.151269705390792
-5.898909440542252
-6.557995481206608
-6.5906194633562425
-11.74118838975039
-11.562275468090245
-7.207314179447339
-6.545816346975044
-6.371196670225664
-5.801443878118958
-5.8414546322889
-11.519494587496347
-11.337203165011662
-0.004131193003583192
-5.983520262793678
-10.736089838281941
-5.358287301367764
-1.2207336404701519
-12.142582287058174
-10.746122857157054
-6.965437390363465
-10.893678037311028
-12.291319954831405
-12.136318115386675
-6.524464258395538
-6.751194639207496
-11.394746741233845
-11.743353978542004
-5.492485983955752
-6.186043016648983
-6.1093612194628175
-5.832909777556173
-10.837893198501407
-5.816468351138537
-5.9873225840514035
-10.967815283919531
-6.218134262986594
-0.9444956410416337
-6.143443199890014
-11.153164863885182
-6.52985725078226
-7.007741269925318
-6.190452971724651
-12.042527932069033
-11.532598046554373
-6.272700034784078
-6.538964423125121
-10.790506893077422
-12.04170146476807
-5.965190710063712
-12.033753596328324
-11.99224775379834
-11.433382960314544
-11.472748833195288
-11.043175381772294
-11.633482983249557
-6.493874536114651
-6.734396161105644
-5.952177001779089
-6.313693074139547
-6.125698492138266
-11.122707211382467
-11.055239944677314
-11.28827402504913
-11.512342993222902
-11.854609832427569
-6.24736628228134
-6.034735766777352
-10.92604226343521
-11.271604577572834
-11.523686522166292
-7.051368453935952
-11.796088881641127
-11.671012838494057
-5.84124261671392
-11.784602527450955
-6.3939487092370095
-11.5676586616543
-6.164215547348426
-5.866433516334273
-11.54918090647643
-11.1307872748299
-7.575449388727458
-6.12697611666747
-6.934278967796535
-6.2275968190604365
-6.846533993995321
-10.615420138900816
-5.962735826942466
-5.632163439062326
-6.4966832801100765
-5.967438966227697
-6.2894035965279755
-5.651309836284233
-5.957121064679146
-6.127157261882272
-6.36651285885394
-10.332097448218354
-6.0807699136842706
-11.429293104950588
-5.708171309437603
-11.272611890031937
-5.856092368295749
-11.069289401820306
-6.42949660221715
-11.37036080180562
-6.088274522243342
-6.032829024143896
-10.984188553291247
-12.12199580572387
-5.961394556641161
-6.225839505973209
-12.147198461122235
-11.391532027973968
-12.039175621180211
-11.077090155412975
-5.761584519811883
-6.321688802077426
-11.032149484159126
-6.624050904205549
-11.310593781652443
-6.042548832166746
-6.06644543176512
-11.785955738239522
-11.239061084125225
-6.110278182130394
-11.754595819853263
-11.217736025188906
-6.849092537618856
-6.898767615299697
-11.664196899253566
-5.784856311956986
-0.7202298983978098
-10.926243173243828
-5.6192879140112755
-12.337939806685254
-11.129916860038065
-6.433868172515158
-6.081271699490342
-11.45666872197295
-5.8763403375184415
-6.154968861759259
-11.537192527866889
-11.235143618639496
-6.441224786256718
-6.089409829341448
-6.582207380646608
-11.06735384808946
-12.088382354760087
-6.7625973576875085
-10.994070390854116
-6.692101516172621
-11.290346918796441
-11.264139854506602
-6.14270987093752
-7.290512707828225
-11.352423597708789
-5.9981317765660735
-5.8453525127696295
-0.8234540404301512
-10.615223809994463
-5.685845134000486
-6.621886050647388
-11.132968395273897
-10.982849502365154
-6.228838454790313
-5.6848211061757645
-5.695287499160989
-6.492420999102423
-6.1373471079188855
-11.501383691257816
-11.348190872061595
-6.344046227665101
-10.880380410719601
-5.754175800594974
-11.984567879403265
-11.067769847449926
-10.660981346483926
-6.3974855234379255
-1.2734409870697414
-5.963579588640478
-11.70827160426147
-11.006893078225632
-6.309264935422058
-6.145821117691171
-5.902035414951127
-6.022524850523017
-6.309379292938295
-11.27869587333446
-5.963853923448897
-11.048872527819947
-6.094497327307399
-11.908029051070317
-10.920187476771549
-12.101121994242865
-11.491965735352014
-6.498108147550744
-6.410106057640971
-6.485324982971865
-11.202297475813978
-6.440205325953406
-6.376053944108603
-11.58164663160665
-6.533727373114487
-11.254142901459145
-6.002856746957691
-11.976679669463309
-6.170026167445967
-1.0800429392987754
-5.912975367262039
-6.126962926724147
-6.169814113428195
-7.417688841427184
-6.138968119248395
-11.713402447633445
-6.6944468098092536
-5.441892298779362
-11.65785165088108
-6.3230811383241035
-6.30498309346915
-11.797083593168724
-11.431901743324028
-5.4091876301963815
-5.672849410932336
-5.986847058580016
-5.632994568623278
-11.296499590194502
-6.653532522623252
-10.952378107144298
-7.286561644843399
-10.816328827517502
-11.087498654778054
-0.939930987199995
-5.780765151439676
-6.873466022400318
-11.126787028777397
-11.432403203734914
-6.297401905629757
-6.494202489144729
-6.109155807535111
-6.1459579237820305
-6.298024622282165
-6.894027107423264
-5.755345118870603
-11.284339009731562
-5.807611133481653
-5.657418856604317
-6.299664159362615
-12.00497375424345
-5.616544601771779
-6.512851484182188
-6.784139474010649
-11.48088618710736
-7.004507591583919
-5.799600716507019
-11.502998624734813
-6.085556383062867
-5.860849509952047
-11.444891142380518
-11.502160264060748
-6.027460244153809
-6.063589250256986
-11.501467953372128
-5.997778593300023
-7.336721944164295
-12.128663391840075
-5.857956138577916
-6.475960534418689
-6.2706944752067635
-6.3625346800247335
-11.674240942449499
-6.33836150691037
-11.7083391267744
-6.750386922141635
-11.467504136809243
-11.120002452414482
-6.682059810456102
-6.332194123013787
-11.422043715167382
-11.319039568956942
-7.142288758056396
-11.639074734001566
-11.290243533158959
-5.987529935804892
-0.9637244803335626
-5.82298664115719
-6.072693737040641
-6.43077364372108
-6.305461623605127
-6.941840727391317
-6.3127646602248895
-1.3096545953862369
-6.111704066997955
-6.264914545160597
-6.063501245178208
-11.087921160529822
-6.898160700165613
-5.861976607309723
-0.7559928721732718
-6.50229845178624
-10.953570725296833
-11.539658995142295
-6.4352667958931935
-6.773299117108501
-6.645437907088887
-6.800879871139043
-5.6046998657600176
-10.672741359099746
-11.142116309230355
-11.456151950824909
-12.218466417882592
-5.772240038929814
-10.827545037211838
-5.890091016516215
-5.985973774953211
-11.450349391488071
-6.443768767528607
-6.549489039382
-5.731708708262692
-6.146147875475189
-11.16281738468876
-6.3143761971055765
-6.698269675474363
-11.22588760310313
-12.422616899034377
-11.32667151538298
-6.9571672707244865
-6.0928786512904525
-5.819858126031499
-10.76307044060817
-5.954959658944507
-5.993516653912642
-6.146100147778808
-6.167594663301022
-11.072105773370925
-11.091870580458393
-10.993950792747253
-6.299933674971131
-11.207449763018905
-6.6871336465954885
-6.190614920975857
-10.893059342003188
-6.294579927255113
-11.20731590665256
-6.578926723382352
-7.022138384630199
-5.999958301427158
-11.054549623392152
-7.038524247614211
-6.642683266962188
-5.592699060558245
-11.193199094189834
-6.320381681293328
-11.08693546020931
-6.062222106636112
-6.315924520188544
-11.555142228835944
-6.080728595420421
-6.322506322966268
-5.602903874411911
-11.681846538750436
-6.282654422821721
-11.813246111663208
-11.263694054708658
-6.040171455280526
-6.134481627195154
-5.80427147476096
-11.892806898732177
-11.155642099584758
-5.706847125825256
-11.027980718821347
-6.153760104969871
-11.468716840916953
-11.723850692528574
-6.41463549117172
-11.807677093139835
-11.180598578695095
-5.6842476029196645
-5.702967557451847
-10.736741860489808
-5.9322622062048636
-11.204906445807161
-11.92179672879145
-11.14266788955804
-11.095809964683907
-11.181239975532552
-6.330241174938684
-11.964288587050609
-11.213048127055655
-6.250119945090297
-11.154295730197251
-6.116250545805136
-11.733710885890424
-6.374158416491587
-6.19711537482871
-12.05424616787557
-11.438863605625826
-6.5467625942276415
-6.21299012598157
-11.006422223153129
-7.162367426966375
-11.274646553536087
-10.999026365701939
-5.808663435721691
-10.993033981528884
-5.912558083973013
-1.1645957590770177
-11.62167132496583
-7.287265244444291
-6.10579480201528
-5.878730453987912
-6.818761110219151
-11.112451684439172
-11.282819830024952
-6.220447603002639
-11.075114325411162
-6.038436618017948
-4.826833832776385
-11.311552817462543
-6.214562222027403
-11.067126980162787
-6.642446665410222
-11.18032067176264
-6.495726601765756
-11.907395484871468
-11.747980299033225
-6.439325581654361
-6.027309161261269
-5.953081362382179
-11.65481658358917
-11.321987616461376
-11.024260505149297
-6.233058275330082
-5.896124656153112
-11.501369973500642
-6.23096242222935
-5.93889040813075
-11.05219092019132
-11.448640555870558
-5.874046062334571
-12.27442248652457
-11.644321106282037
-6.488638403086831
-10.938446880279256
-10.719544183469194
-6.215263255647224
-5.900668587855471
-10.850471474985248
-12.128295369301052
-5.872618525607568
-11.683140065651004
-6.098373115203974
-11.200882377247703
-11.152259552258814
-11.150863388852676
-5.838795199256435
-11.757012978633282
-6.36511666005929
-6.5788307042992455
-5.662274255377064
-5.879376367251393
-7.071928648278117
-6.000201521041528
-5.3302127827561465
-10.99441470603769
-11.113062963944348
-12.464270482904418
-7.005769352086354
-5.999983709940942
-11.165639199359818
-11.275029794053472
-5.943911410742422
-11.811060637378668
-5.87420508231057
-11.60885963175582
-6.576698784150172
-6.9782385083033
-11.64300754132991
-6.811049981475916
-11.427575728811641
-12.229994208263346
-10.969468480819874
-6.289826404440032
-10.908544381911105
-5.863709224969694
-6.102228442969402
-11.487079792873413
-5.848679879919676
-7.002557610136767
-6.165515454702599
-10.980075788424433
-6.8532070322820555
-6.395079666219129
-5.913644320696133
-6.181770268153164
-5.677078732303679
-6.10296587958957
-6.195793451628768
-11.822284190273878
-10.942096872589513
-6.115353562538379
-6.212920595569698
-6.432254245962229
-10.834578466900819
-11.06422417383991
-12.096415064870024
-10.915330381661432
-5.9383669157947105
-6.071180357031549
-11.711076713934958
-10.406183304602548
-6.222448657560569
-6.764167386603206
-5.900403335501347
-6.023330907960586
-5.8819802452493395
-6.445299027905723
-6.676708514373867
-5.692356875790917
-5.9198270284600145
-12.046772320289165
-10.694637316814392
-10.589969846358255
-12.05764005647389
-7.1196889299247434
-10.685859849914236
-11.208560154893766
-11.400815065566487
-5.815149164235246
-5.837999456535675
-11.039100573586513
-5.930730865024451
-7.418834638028565
-5.822563246408997
-6.097545339322664
-11.583721296870054
-11.728224083451074
-1.8057068408146248
-6.351136790026274
-5.811239554141737
-5.782114920005001
-6.713677349928263
-5.754725799415512
-11.94415933567619
-10.773178497192632
-6.006002299539604
-10.89341988974083
-7.217520590393445
-11.821627051553683
-10.977292983090459
-6.1331406383841225
-0.8125011077207943
-6.041484327441213
-5.6996757418488695
-11.287689721549144
-5.907139604898749
-11.836899182427738
-6.068319422889043
-6.333543718089156
-12.591013811141153
-11.59046524634155
-11.764513318533883
-11.51162811912027
-6.1423432040622075
-7.265532551444696
-5.656794274450096
-6.636718795526513
-5.817001937339803
-6.136816123973476
-11.642127973507492
-11.14264335032223
-10.878304931895183
-10.879572735601627
-11.65873106339483
-11.720939278161774
-11.06705269175892
-10.947188892102789
-5.71858022429566
-6.605205442576957
-6.322753787913199
-6.419290882129952
-10.860852285881487
-6.464304933130038
-5.999765402779279
-6.892295369612481
-5.880478095668231
-6.629313256556985
-10.923548385577776
-6.041307993332215
-6.923337554814837
-6.6491024691249
-11.428122256427608
-11.52824537156873
-10.685548692932432
-7.332145336277961
-11.305390846590663
-10.764137013896912
-6.459895759560439
-5.959096562414372
-6.1868588120341155
-6.572331711044416
-11.307518697104644
-11.533857227303088
-6.113797795206512
-6.282516398272196
-11.142999254247115
-10.82009802965575
-5.6460767724424406
-0.825301390130115
-5.765191566248957
-7.030949101314506
-11.172136710905104
-11.02173478643508
-6.045711111053163
-5.91520923640254
-5.717001064838316
-11.50272027619176
-5.934822707307945
-6.2642621849132265
-0.9740492014827027
-5.714435127659692
-6.37910625490075
-11.602809194116384
-6.717218432407078
-11.873891787634337
-1.706977160742365
-5.709764474376476
-6.549592337348584
-12.055334435894085
-5.721816404420605
-0.4198635705372325
-7.322722004578012
-6.579662971232448
-7.005683324640375
-11.33174223760713
-6.0709845639196995
-6.272381917056798
-11.161467814752738
-5.919727349002231
-12.00639949474474
-5.5970248823196265
-6.2163231512388055
-6.0636512918863446
-6.297603286293058
-11.740107595539135
-11.148311943526577
-5.890210852314461
-11.403919727983961
-5.85278663598001
-5.772352934290629
-10.99316683266312
-6.040382183543669
-6.3973581136855255
-12.212913968894922
-6.836251037368594
-6.203525682947413
-6.251364390302852
-6.006129574581988
-11.108209898759988
-6.290093894295555
-11.452637562200444
-11.376976501070562
-6.02114324482506
-11.670487050015371
-11.061304141227156
-11.589729549986235
-11.552212975269196
-11.29013038034169
-11.352475123747835
-11.075061680609487
-6.606590574273091
-5.59870976081545
-6.271834578333608
-6.641844929027476
-10.853687274563699
-5.991794102510293
-5.600371124513816
-11.446877188934646
-1.0392646683084477
-12.083776546765465
-6.11029551826032
-1.3847930873713146
-6.123112707767029
-5.694279156340798
-11.596085621778986
-5.757323477812855
-11.236677526121687
-11.583801050896314
-7.305347690681146
-12.087847525021061
-7.31530146847302
-6.168616054621004
-5.92970454281036
-11.585254054297028
-10.910950517882647
-6.3848154499800716
-11.107234746917428
-5.84302068779957
-11.29208677673612
-11.03907536131568
-11.243068734141499
