-5.466149548689525
-6.5120399720078215
-6.178267043583172
-6.200833492840712
-6.060292058061846
-6.149418032290984
-6.128051349749932
-6.041946746544404
-6.148357491154189
-6.290412363359484
-6.062683742355417
-6.161255317607096
-6.3661726371101715
-6.287798066265308
-6.071411976061369
-6.0028937911545786
-6.415131424286569
-6.055775998781125
-5.8185732173068185
-6.0643153535384755
-6.00595702116306
-6.158176965713501
-6.406909341242776
-6.031468910666613
-6.140922753316052
-6.259501202238931
-6.226581893364588
-6.222990861393156
-6.032058784636584
-6.092271895903461
-6.2412194357913675
-6.411935086761202
-5.977614370096161
-6.344669530414185
-6.004397748754575
-6.212786255420837
-6.475453643041236
-6.09672543220222
-6.127800385772654
-6.038153326747441
-6.2548605518845415
-6.215083231625048
-6.297688126837442
-6.227845775187015
-6.22014703934497
-6.107822304211774
-6.094087766913267
-6.168103393243284
-6.085977122639164
-6.184765791893005
-6.1306872967042425
-6.18350792905459
-6.2836433428305165
-6.221015838781993
-6.30658517048067
-6.310223131804239
-6.38189439125683
-6.133716025135734
-6.3409111653138135
-6.240340059204978
-6.172861443689237
-6.116974950730801
-6.343475134613422
-5.973500883579254
-6.046709400530045
-6.246075916588307
-6.059861827980388
-6.236478771154697
-6.24304932582946
-6.1162777814269065
-6.28661803342402
-6.145267421063387
-6.128529678270655
-6.269491751795834
-6.200898424703247
-6.60809018306954
-5.930120936905344
-6.168024509041397
-6.193643156512111
-6.183308118640786
-6.262274348168146
-6.2159807291233315
-6.1090503178461635
-5.910059936620571
-6.138529074804805
-6.190601931574444
-6.140007456042329
-6.065063970257538
-6.140626638832659
-6.297146763871698
-6.264383430991854
-6.122426396549338
-6.208071585292014
-6.048489849727887
-6.124791200490708
-6.193426334633018
-6.25616379510058
-6.138427722912568
-6.046981416429792
-6.230197970683758
-6.155626868847573
-6.2881012643283265
-6.13582393763089
-6.089607199418892
-6.281108119090399
-6.123775226175785
-6.108802054387827
-6.150897300303584
-6.086519875572723
-6.125751233444764
-6.224000366879444
-6.23267080613545
-5.909559866579452
-6.2258676120611
-6.399626960959098
-6.276287701584044
-6.198148399018324
-6.231433709170304
-6.087813435298092
-6.086024980521897
-6.17903648853302
-6.129553242240633
-6.111789315665534
-6.07051374784951
-6.152779405588632
-6.126256803955351
-6.1456971530820805
-6.196892876284463
-6.208749725691323
-6.074332105178459
-6.153484378542219
-6.25864344244858
-6.162370752470166
-6.220912928923522
-6.199918203201949
-6.277265155883063
-6.109740216358035
-6.200604578055958
-6.315276033091314
-6.032081527709961
-6.213990310152758
-6.2588525749742985
-6.096201711387004
-6.072110553874689
-6.193522837197427
-6.171893468470249
-6.095894871354103
-6.219304365562458
-6.318052375345554
-6.10456342279911
-6.272027342365338
-6.2225115971990155
-6.293555420935154
-6.2661402632142895
-6.204075936633761
-6.197383921812563
-6.352125808596611
-6.183976619576033
-6.185126872606648
-6.119325391054153
-6.317462612435503
-6.066158363134554
-6.176812795424225
-6.233995297207282
-6.20998248194947
-6.204210115867911
-6.298437874553339
-6.294377807933505
-6.239056768662789
-6.285666471256794
-5.965803413197052
-6.00023718945031
-6.186006066553733
-6.096395918638399
-6.109899086527305
-6.145083030450691
-5.953838595659426
-6.054928527873697
-6.227713454879966
-6.213688156982459
-6.158364648469771
-6.062992011459128
-6.330803665690697
-6.101928810672004
-6.191694180839336
-6.126511746818579
-6.3154366953032355
-6.178727075457573
-6.203957499534476
-6.198478118027791
-6.219054521576872
-6.122430550701478
-6.256253349138241
-6.127270442768208
-6.276339837312698
-6.088113215890261
-6.252927556931972
-6.197360362242726
-6.318696317427299
-6.245522882789373
-6.10275215903918
-6.1503573048573275
-6.289862370727086
-6.259472557558463
-6.0932172980963015
-6.075408829450607
-6.13689467511498
-6.265287634238456
-6.242514413945815
-6.225849817968109
-6.0625114797377115
-6.290864839290197
-6.1036808858899505
-6.284261924549214
-6.129249132952644
-6.2069264475542765
-6.177360356722064
-6.186806861968601
-6.173240636403744
-6.271332152187824
-6.267023358530211
-6.1518207940400815
-6.254011558259235
-6.24185307073121
-6.160166685397808
-6.139512880913262
-6.2501256714264555
-6.275347781991496
-6.149596893092961
-6.25256302809486
-6.233165712900532
-6.2294354710764095
-6.196963483212041
-6.116813496339555
-6.15502168541973
-6.332008161880438
-6.229238553533277
-6.181615743532921
-6.104469329118729
-6.170260506636888
-6.17208709109288
-6.282151817988891
-6.206705516752074
-6.263939409580045
-6.1941462568208285
-6.179660297713234
-6.2951408408436125
-6.225049928843396
-6.2122745979758145
-6.122644470018499
-6.071789182424546
-6.196057081806893
-6.1065777791481395
-6.105172370329941
-6.130695551049476
-6.084032846432106
-6.20147759185254
-6.300637255780972
-6.120619223259463
-6.122027746018241
-6.120591781671765
-6.292723653655426
-6.140649109494452
-6.099486956802698
-6.047597109681309
-6.142176537537107
-6.7850791445622844
-6.178906403409624
-6.164918542776293
-6.130955545633447
-6.092115391703213
-6.180241128393248
-6.2569061907438135
-6.234996710298131
-6.2206880221667795
-6.1956176445180295
-6.305025541899251
-6.18075000918379
-6.214010115098027
-6.229327722215185
-6.202693903855249
-6.109046678332722
-6.177587557072733
-6.23403313814425
-6.188845327178251
-6.159788938421829
-6.124224167828467
-6.28724607015119
-6.195917751893257
-6.2353242279835115
-6.1679311548129165
-6.141870436101857
-6.097202654313115
-6.079795267652063
-6.167622990467969
-6.174765670124223
-6.207195845911804
-6.125177802680765
-6.075836965353182
-6.1525181864990905
-6.196099817174153
-6.170200538517225
-6.1482261696866916
-6.327072731577433
-6.223863405461358
-6.183619399769948
-6.152466401749966
-6.049819403419308
-6.194569396205468
-6.054588072440204
-6.200864335092215
-6.2191052725999665
-6.273708953869109
-6.266658434501061
-6.211764208534184
-6.255947187108901
-6.246860130744822
-6.05109035618165
-6.1818240860906934
-6.210918455742872
-6.265039742571636
-6.212589475715045
-6.189364970899096
-6.246750101447105
-6.173539688864958
-6.210300936860945
-6.24464689875112
-6.095390155034907
-6.194952072449101
-6.216171078670484
-6.200447921903388
-6.1441123327788185
-6.139645092043222
-6.173571874698003
-6.2248297447667404
-6.127668040470012
-6.124051002044122
-6.227204295327362
-6.062762170144827
-6.215339919223505
-6.136892969117445
-6.161012869436764
-6.146502011609309
-6.077743474140908
-6.1479199329047525
-6.266512661880138
-6.202039410670598
-6.21857347909142
-6.142498942566853
-6.321884131202331
-6.263204245023357
-6.16401503775634
-6.1181599636679715
-6.2033936585865765
-6.14539491184629
-6.048486929495358
-6.206738533342586
-6.209917970813147
-6.176777727684929
-6.053413601795046
-6.111042717417467
-6.149624189325407
-6.059789027653489
-6.13773544512543
-6.188798749331132
-6.07447647931529
-6.1346743862227635
-6.201284171597472
-6.162758665466772
-6.137341842202857
-6.063272292123122
-6.2092447040729155
-6.235488835795253
-6.231371776438227
-6.260442808993812
-6.080484789196808
-6.226702395023084
-6.119909609065337
-6.205992560074168
-6.140659661854015
-6.2483223517542905
-6.200951437348301
-6.245120016984569
-6.164102026060516
-6.185270777315769
-6.177492656251964
-6.18941234227489
-6.240637479779812
-6.144068283530382
-6.114348915569923
-6.252448300370062
-6.284706539546068
-6.126401687612628
-6.0328347110512235
-6.172962991595268
-6.283742837034739
-6.149726451647402
-6.203779591518698
-6.158063535643096
-6.259189918064154
-6.13100788970985
-6.137870577036166
-6.111986758662205
-6.043579297907212
-6.095861019457088
-6.212703223614132
-6.036841651388243
-6.204570172464146
-6.222246094369421
-6.244491890072823
-6.233658998631514
-6.181189692780083
-6.207999447413854
-6.144328673096264
-6.2785207368433475
-6.1932976032589
-5.997338890444999
-6.25557611868495
-6.151178703296418
-6.273237449045364
-6.104732320881357
-6.251538503055389
-6.109155722260475
-6.188692435037856
-6.063795996774541
-6.252056106632831
-6.1836263057097645
-6.078325080751169
-6.189201171952065
-6.20550793843362
-6.284339759019342
-6.268045149969332
-6.210309813712158
-6.154845117646105
-6.076305949220471
-6.308637257133212
-6.1447720159502595
-6.268685886965079
-6.195686001800796
-6.2627497882797165
-6.1574911396293075
-6.083147454720277
-6.190371636048104
-6.100209923045149
-6.170267771169978
-6.307282354682684
-6.32259744577683
-6.150795216361682
-6.174160978169117
-6.337973540269055
-6.056478399038315
-6.097872402738123
-6.253845164296674
-6.343945053669642
-5.979480229616165
-6.017265718091618
-6.154237892697839
-6.289808904661716
-6.210606183820558
-6.0882663774972015
-6.10650194158741
-6.1704774056330765
-6.221818918983142
-6.192336958413031
-6.157467318516152
-6.288334283145886
-6.264602187836524
-6.137921999853391
-6.107993243967445
-6.076392498346839
-6.067489771281972
-6.383679334790661
-6.256808701329506
-6.192681046076191
-6.199887461960316
-6.211068275541362
-6.3433132125781135
-6.265469549099604
-6.183890807278016
-6.173089634156922
-6.288468096478312
-6.155391278197464
-6.343396152396804
-6.362468055188656
-6.266804221475009
-6.11927599883547
-6.150791718679316
-6.182316182875166
-6.167971829382273
-6.159119741589415
-6.224424783176588
-6.206027624387185
-6.145412107600885
-6.1497677991203235
-6.216587131861413
-6.189963541778863
-6.263850858291755
-6.3799088299274445
-6.091311487821069
-6.136036739629858
-6.195308603200258
-6.141144100463752
-6.190730536338126
-6.229104985600537
-6.324259939364024
-6.167933356125378
-6.209134212895935
-6.194295620455326
-6.0841243892908095
-6.085916111866633
-6.204333577341246
-6.065408220975706
-6.164088916544821
-6.179936558008194
-6.246264762030198
-6.086818976729524
-6.468709088715852
-6.182587412934677
-6.20785818371958
-6.097396229655997
-6.229666628015852
-6.199375245756316
-6.202224619248334
-6.158672668112135
-6.1470776883994835
-6.227078919271821
-6.165729298745052
-6.283293807390824
-6.23135787793077
-6.255721706037338
-6.032504933721879
-6.177721002609423
-6.020605613689612
-6.236485552846217
-6.13884178600689
-6.251699037119454
-6.27540299807276
-6.117472485584371
-6.2191669197337145
-6.175322411674084
-6.173297942269082
-6.3490411630182555
-6.267421407028309
-6.246099149091886
-6.086891847427445
-6.144212769201169
-6.232329666018486
-6.176341731571457
-6.133341546815175
-6.244420805982515
-6.168422870191873
-6.204288647012803
-6.117044331089964
-6.222804529863653
-6.158604362346594
-6.11343308114538
-6.0211482554674145
-6.108752166523653
-6.101649442139794
-6.122464032441962
-6.1305758175896665
-6.095138380924861
-6.228037481697706
-6.167647380747047
-6.376368571495273
-6.195429471193576
-6.222107502270718
-6.267618628626778
-6.214156719983793
-6.197597431074275
-6.265775629410557
-6.100252661964681
-6.232418588720835
-6.09876664128958
-6.138548142477577
-6.142059702028349
-6.124117592874082
-6.183941949122023
-6.1092614055884
-6.119509569070871
-6.305794121325016
-6.333692351356149
-6.198447670422349
-6.304906727619541
-6.156971598025596
-6.135023275814434
-6.228547439838831
-6.092895277655951
-6.351673588443261
-6.129027523830826
-6.133763784633099
-6.173122725440461
